1
2
2
2
2
2
3
3
6
6
6
6
6
6
6
6
7
7
7
7
7
7
7
7
7
7
8
9
9
9
11
11
26
26
27
28
33
38
45
55
67
81
100
112
172
179
202
252
320
381
478
588
732
893
1067
1283
1544
1851
2240
2644
3183
4060
4914
5565
6266
7421
8582
9816
11190
12569
13796
15076
16284
17540
19043
20191
21366
22421
23323
24334
25758
27107
28142
29398
30829
31544
33862
35844
37573
39534
41368
42590
43691
45208
46570
48904
50470
52318
53753
55072
56333
58848
60787
62481
64616
66824
68051
69514
71150
73218
74947
77015
78933
80366
81943
83981
86125
88488
90801
92815
94743